050344468223
664432175515
839542911731
303003912081
094685499395
994231876736
099497419388
108453653120
673215952814
773322320626
499307248191
461467561239
546115142934
113516475905
506474728408
040417116581
117886094571
775389521949
775790641448
476913169202
719107789826
008899207477
347570876213
642637983918
046328010075
560598797891
355866887103
222648607495
304054117835
598201799889
556948625398
028038203930
177018191921
094513380854
321102495178
269784458296
423572535194
328375344591
129176232661
912684315448
586380650707
539730989430
059402160037
237248592571
840319283823
023209513075
029384295604
984411744133
705553106301
907829739138
029913187726
708623306513
579035252374
766926793446
284799242518
710656765520
288860626147
243005233182
314619044142
669537086648
594077732629
141686056861
529542822830
177079079842
555009296240
593692280610
264490890822
716893532661
543864951917
763854651832
083451640850
535201838827
890867021908
848068367669
198060235060
480188991276
790866540787
658361757675
062734908718
874457059369
441033263583
657454923355
365730640484
032698844733
771445132051
492569755982
700636843150
771483278968
197449909480
706955498739
933672559134
918292377129
592069893597
401523254885
389563937512
441526356211
878378927872
423519377395
028830348033
812324830012
052766991369
885984529092
147565975433
755893191512
169324944213
062464744279
537487573248
470803920448
813604283992
162156397983
520844071590
790471784335
551202741933
309031894528
765306173501
688746007664
057147989777
148844222912
422633810915
258558878511
972393321500
486458363684
534201186384
573801728823
694239476121
377940911033
178821755690
557162883149
144781735347
991175633070
187185075709
480635066401
914942179965
868203428336
966282709042
651964678223
234403699057
919150352718
088045923633
611198468766
284310197190
569592320598
124294027009
721279405851
219219220087
446886063402
089253490252
113701931288
091459989753
759467863596
376367171147
595786721390
061470947000
148970520669
316927018094
016049292301
231889340339
037581790806
468534006155
747977902108
697577065336
967812485373
693338181980
662713604640
581627817121
585440346278
274845505777
541750185973
999297342967
959378360494
424388581384
891983919226
053302010181
383901441583
682520479627
547237407109
047006866437
694346390139
999367603791
724269582119
111973992005
970051922349
212386234832
820544944183
447750543326
266636616316
995935886007
835460209575
527236981364
583165511410
991474044257
836535381400
627525229515
242685727331
784405309036
455141872222
583533419860
362441629999
687608587384
278759458906
251019571723
602228750993
713159112899
470099456547
021691011485
700825150580
802015869519
532419326483
967328067891
305715327454
239680456902
599026416719
339913094860
905479349229
604827533244
883196697277
959371420465
140842482999
168147596718
700787030618
938046462093
871805763793
677663571959
287600144629
748633911357
511898238898
176669865847
973709556528
552044337718
052815231178
313636246147
788566122054
758247933874
686242071023
332742490711
846646927175
081853210730
600996234653
800300220331
814634938292
481475453602
278150512283
867166043953
505952435008
969271565128
407729852974
611646703429
990059011567
593081036559
670457592248
779931007121
929878615943
802870247886
244461078213
402005312445
706882358967
980830311610
066866118625
897351200754
368379270060
474870273098
869202666817
930879036315
203257852297
976297529023
351582983730
209392760506
031198087822
657128060418
263812426414
061731247680
128417927833
729135240563
579987907093
467649004183
858627859662
514141081309
113772053630
004012865469
923958388047
468078647604
186061575817
581655317492
272394991852
264888113533
025723286196
883816607758
686153238426
927396086868
658559587638
293337916855
545329778902
383133173596
459614456620
209894381877
729287486192
350689005794
355144210884
405831660166
060710654595
964787823267
315628368194
378082468284
872496791456
372728075412
301237052226
601302673383
629731870971
289246012836
273203722845
429491515102
879613524696
077945833934
456658068906
354566533323
029140536826
594815133746
450185156288
874558043088
782373868178
397958207755
713569129886
452862137991
370957620686
467527947859
444613658657
016333093983
288346075795
160903738794
288696329301
514631207711
965412017274
493354267809
541682415374
729495022534
865635492873
177761250533
652345686305
701009554993
706150746159
214455812633
587080389824
635516001130
013085075615
760104972444
780606057101
149807233415
198700473129
127822099853
356706242349
118083772376
108646893727
006694548607
682067130713
048405895352
256617746524
032352431788
570009696669
988649796693
814224048853
759877217668
620816220847
179970603571
603937208646
376930587832
257075524882
858704420512
269698247806
900332250770
501209174078
977773809833
060450351866
163234085315
411714638059
711531259223
127563017802
902448531572
636269047432
322450498607
739933658074
259067832764
680957941288
685167534020
827440664051
059533569316
373925832540
171592616288
167123314080
619308605601
978313255357
007188500007
615903279578
127398600808
999384336322
448678290367
388891550995
822623253776
050159513863
265013282057
050054294101
687572213430
226498460794
513888392131
906415209224
996233903176
688330244375
293229972717
505823566346
439885816837
926487623633
968951179197
861734538181
396229260897
964860305767
145732205979
024957909478
856676276500
965820585061
363717808479
809227770322
220805753231
418685841701
129441271365
493958404040
758337786111
713402465710
874999391265
074252829243
328243532061
652864771736
251926665637
130832804274
834549049544
238212192907
149596805050
300944460510
006598818963
845092930000
972024083698
051141707458
058331338059
894848513762
785632354996
441589475593
438485642886
434835064117
054374054106
825136770956
632619410803
460668801967
146694099583
631419750026
342467249084
279340652852
702124181455
610851279054
901950842152
446982459741
569388020958
763385988363
120977074709
433904128967
463137420124
788672927932
449061894202
187680904620
407635700587
443571986332
772981316370
014297590580
807187744850
843713854772
769808635630
186418368257
580596792275
575043308635
058607362137
144924459506
950123569187
863885137910
595761168629
933908610222
984296329160
683879118104
493264375853
349606800229
098698684719
064991229900
162127106405
002504430533
946237700896
451396335357
525755114196
709339449874
357086661505
982274905228
058955244454
690968470535
447573553064
021221101043
442740765042
150964248973
524388527795
959414074241
105554043496
414525837346
127768397972
423384151105
384920961744
319858680558
927025981565
561467539000
141711106465
468732652863
045566502612
698099520246
311418563016
136543163678
472317001127
817234237793
328968195485
513050637572
295461893465
594822575608
992444462996
392349738437
108011059414
711292584170
959411373698
117575228631
845678154298
049264095887
238753545463
864763248125
701274688645
378101503756
273135730830
144491894965
549782280670
991029429858
705083858850
378148018511
945354012926
995178099571
616087814273
210327289340
493960640269
758611202949
580723438226
964635443444
992758148857
002066623881
123359558127
957078498974
859424952009
602499704598
393082927785
860194472789
257584629436
295632730984
268620843447
167530310686
239273548422
051062960114
722026112379
328607910756
702873750136
205670303361
453823587600
690338728674
006151017854
975630218627
465188459584
165336163705
935252816925
848376485663
388298458548
731971167702
168659487716
289648598080
528311441136
597731340358
311351834981
567773467002
569030365745
424504648577
908208161098
173060825437
117751365085
813018606349
884079233945
162862079320
501226946504
210187086648
713430958834
740605094338
956272074183
637807864811
996976232542
408428814187
908674598219
706216366435
790478941976
847076785362
620230913836
044862937716
873663185140
693685640880
473403599918
648828412140
454296157419
944565674365
551170758644
666575644986
409769923467
405244081124
169578409256
882786683121
985747323319
769215336820
070196164534
520022304345
533306842888
044879856374
956211245541
365645319214
205022984454
331175431841
202098369693
722493972140
138117440869
189308078995
116328304263
016715264142
640047973179
681844924096
750349936826
517656018523
926881943358
048223243544
407650514973
573215312176
591207360515
919050576084
677996067783
283974587264
032168519657
908129446042
939214933893
553285627570
872185358424
766709212119
783657591055
709664255563
086755435557
616026037474
648973384924
240168506598
903073482482
688342115827
711680887250
353036954688
188761616629
426090153011
482903221486
744809269797
132402667458
183108228393
110292029994
433121917720
668218031701
274516306107
388968809153
183350784689
153482252914
397175630503
304010316678
523382239902
948383616457
072339089544
366546231522
153806929544
430284094980
188546709247
848073336024
181037760633
372464808791
054699265165
118819098595
216043837051
164669554909
876690774774
064562894762
377729289073
877360804602
196389394504
026647889480
854916733060
227087996075
527455967974
256909268748
131498634546
411552675350
366538576681
622976624270
607576306431
018981613886
184254820048
844422505503
588999180283
709864896291
751628464349
770260804726
064953019209
502590740551
987206040986
562382338886
124511759890
194491099000
247008570468
636559505654
321634246111
629442214644
808025002978
417816898751
987712688473
128260584876
794170043089
173200582684
542048795667
755563024800
017359864393
835671300890
039947452627
877241368303
390647938860
525060735058
555531573581
700121497261
220595484189
499797810217
036767050640
359796611955
079592620813
485470197172
082954178581
766006840513
179462493526
464544593455
058080793571
274786086201
365075944165
424302615129
475052901363
974644232305
058393215041
924986007806
849225753224
465820194503
804819041736
110730474022
390549817776
499217820093
416681223769
845321745148
007730191793
286523160991
089649308734
597003431715
878338217751
611079618507
052348674042
693285687130
687346531305
707012245523
998897008244
510088862112
571825236028
279616687128
908900623260
378476968365
681102703936
496015658590
430427503262
886746182623
917247404343
055242474616
131170769843
135138149567
573660572944
935918175951
638303538238
265028368889
122665738195
939759122925
707343343487
092633412836
245067529028
100958255103
174599230905
660960163063
692619188902
081619100546
416349716183
443766318169
879917213129
477778900323
808231466930
657098904623
135002755750
487711045276
398509434694
853278233094
573991067800
516928894940
714033713237
050599276491
397920365532
820286082973
371154508390
244492274453
419798257790
231975936191
322409994618
941358514897
156582809631
298366909371
300790308847
901944335668
412211177134
293314217199
075995982739
434821113918
976093806736
984542753478
223794650803
345356669918
061422994649
618633700573
377599448364
717435970052
446531846443
359077616108
213933593897
466965965394
944595478028
491775418697
976265680673
532650597329
232113541256
867421600145
615139780372
371946976284
304340678190
297257095913
700881463230
239539469584
122758082031
150781026687
863923233424
982019665378
337311727273
332729107930
873402207336
015505863584
624314893436
160383241403
769859576303
436227510504
955312109789
736945568015
743627620950
236260770129
802926325911
779598533880
759788244271
891529242769
852326636354
770022471837
136291417685
510127399239
362179409842
028233438577
113883767661
029427707750
681218767523
691415402836
234166869883
893613631634
596925914121
472374487838
602514682431
050972071344
060039090767
583861901592
931824212498
839189801808
901008211434
303438048598
098520802269
374935725368
198817794621
559467916099
940920001771
570121943121
973219967216
284996000293
098039944312
867670554527
638606260720
357219670329
569227132561
350021934331
028903805448
165042112165
870050657269
607026941114
084051703803
289905243640
491099770368
700658070720
182915308183
938695013987
773230214136
881638527438
507977444691
187374490532
175911591216
972623572282
127594486953
351495708215
943693502989
925650694118
030331102869
269461209415
189386850215
896804604295
199438180194
042875368099
124264559527
661833224990
790376122076
071906255547
261610070879
107138925366
688043349619
930412672941
853366446792
143529150440
848582875378
042108277537
516578919253
198360652410
936538876437
251072866032
190989441156
533178702345
220755901063
596418638312
770367291986
744864359223
641724900855
068592349915
550704994261
985698487249
299610503302
208660097821
348669247870
500523075653
468327954671
690609031846
033130112782
417588076296
895258653057
495459819638
994465397927
420898796129
129746625175
515719114111
172569556598
949258431893
898343017278
417620389043
731358064177
642959776559
948334815437
321090711506
625226572579
592238076292
540434262420
090427507737
599058337997
699965624875
175075855793
216574699176
132668950381
332371978995
115400987137
541238674708
530557277165
